{
  "asset": {
    "version": "2.0",
    "generator": "GLTFExporter"
  },
  "scenes": [
    {
      "name": "AuxScene",
      "nodes": [
        74
      ]
    }
  ],
  "scene": 0,
  "nodes": [
    {
      "name": "root"
    },
    {
      "name": "root",
      "children": [
        0
      ]
    },
    {
      "name": "base"
    },
    {
      "name": "base",
      "children": [
        2
      ]
    },
    {
      "name": "waist"
    },
    {
      "name": "waist",
      "children": [
        4
      ]
    },
    {
      "name": "Lfoot1"
    },
    {
      "name": "Lfoot1",
      "children": [
        6
      ]
    },
    {
      "name": "Lfoot2"
    },
    {
      "name": "Lfoot2",
      "children": [
        8
      ]
    },
    {
      "name": "Lfoot3"
    },
    {
      "name": "Lfoot3",
      "children": [
        10
      ]
    },
    {
      "translation": [
        0,
        0.49645286798477173,
        0
      ],
      "name": "Lfoot3_end",
      "extras": {
        "transformData": {
          "inheritType": 1,
          "eulerOrder": "ZYX",
          "translation": [
            0,
            0.49645286798477173,
            0
          ],
          "parentMatrixWorld": {
            "elements": [
              0.9421945044041041,
              -0.08083854612185969,
              -0.32516863911980864,
              0,
              0.04875124682339367,
              0.9932069156069285,
              -0.10565670140423672,
              0,
              0.3315008753220554,
              0.08369678655338836,
              0.9397350775907295,
              0,
              0.000018834993170457892,
              -3.71875,
              -0.0000038929028960410506,
              1
            ]
          }
        }
      }
    },
    {
      "rotation": [
        -0.04809498728154004,
        0.16679128695175816,
        -0.032915260821148165,
        0.9842683128762532
      ],
      "translation": [
        0.000018834993170457892,
        -3.71875,
        -0.0000038929028960410506
      ],
      "name": "Lfoot3",
      "extras": {
        "transformData": {
          "inheritType": 1,
          "eulerOrder": "ZYX",
          "translation": [
            0.000018834993170457892,
            -3.71875,
            -0.0000038929028960410506
          ],
          "parentMatrixWorld": {
            "elements": [
              0.9999484486821348,
              -0.009881573179872205,
              -0.0023354844707874443,
              0,
              0.009822736523413754,
              0.8831509111322832,
              0.4689861165854416,
              0,
              -0.002571735486797294,
              -0.46898488058165866,
              0.8832024476306921,
              0,
              0.00002002716064453125,
              -2.65625,
              -9.193172445520759e-9,
              1
            ]
          }
        }
      },
      "children": [
        11,
        12
      ]
    },
    {
      "rotation": [
        0.24165837970115978,
        -0.00006086759388523172,
        -0.005076608520314005,
        0.9703480987572379
      ],
      "translation": [
        0.00002002716064453125,
        -2.65625,
        -9.193172445520759e-9
      ],
      "scale": [
        0.9999999999999999,
        1,
        0.9999999999999999
      ],
      "name": "Lfoot2",
      "extras": {
        "transformData": {
          "inheritType": 1,
          "eulerOrder": "ZYX",
          "translation": [
            0.00002002716064453125,
            -2.65625,
            -9.193172445520759e-9
          ],
          "rotation": [
            0,
            0.000057777505671590104,
            0
          ],
          "parentMatrixWorld": {
            "elements": [
              0.9909412268375787,
              0.11730060606298473,
              -0.06539153439773901,
              0,
              -0.1322427863200951,
              0.937123619694539,
              -0.3229723933665272,
              0,
              0.0233950939286828,
              0.3286942184277989,
              0.9441465883813839,
              0,
              2.0419058799743652,
              -2.6681900024414062,
              -7.275957614183426e-12,
              1
            ]
          }
        }
      },
      "children": [
        9,
        13
      ]
    },
    {
      "rotation": [
        -0.16558307489116741,
        0.02255994501088256,
        0.0634069039010466,
        0.9838967723945311
      ],
      "translation": [
        2.0419058799743652,
        -2.6681900024414062,
        -7.275957614183426e-12
      ],
      "scale": [
        0.9999999999999999,
        1,
        0.9999999999999999
      ],
      "name": "Lfoot1",
      "extras": {
        "transformData": {
          "inheritType": 1,
          "eulerOrder": "ZYX",
          "translation": [
            2.0419058799743652,
            -2.6681900024414062,
            -7.275957614183426e-12
          ],
          "rotation": [
            0,
            -0.001160516007803945,
            0
          ],
          "parentMatrixWorld": {
            "elements": [
              1,
              0,
              0,
              0,
              0,
              1,
              0,
              0,
              0,
              0,
              1,
              0,
              0,
              0,
              0,
              1
            ]
          }
        }
      },
      "children": [
        7,
        14
      ]
    },
    {
      "name": "Rfoot1"
    },
    {
      "name": "Rfoot1",
      "children": [
        16
      ]
    },
    {
      "name": "Rfoot2"
    },
    {
      "name": "Rfoot2",
      "children": [
        18
      ]
    },
    {
      "name": "Rfoot3"
    },
    {
      "name": "Rfoot3",
      "children": [
        20
      ]
    },
    {
      "translation": [
        0,
        0.49645286798477173,
        0
      ],
      "name": "Rfoot3_end",
      "extras": {
        "transformData": {
          "inheritType": 1,
          "eulerOrder": "ZYX",
          "translation": [
            0,
            0.49645286798477173,
            0
          ],
          "parentMatrixWorld": {
            "elements": [
              0.9791742239429907,
              -0.02114355092913095,
              0.20191777859798957,
              0,
              0.0531794444308311,
              0.9865477207431861,
              -0.15458182725699135,
              0,
              -0.19593311550084544,
              0.16210041604570116,
              0.9671265011367094,
              0,
              0.000022888187231728807,
              -3.71875,
              -0.000003831515641650185,
              1
            ]
          }
        }
      }
    },
    {
      "rotation": [
        -0.07984360034325728,
        -0.10030826942915266,
        -0.018738706268928724,
        0.9915705264455676
      ],
      "translation": [
        0.000022888187231728807,
        -3.71875,
        -0.000003831515641650185
      ],
      "name": "Rfoot3",
      "extras": {
        "transformData": {
          "inheritType": 1,
          "eulerOrder": "ZYX",
          "translation": [
            0.000022888187231728807,
            -3.71875,
            -0.000003831515641650185
          ],
          "parentMatrixWorld": {
            "elements": [
              0.9999866500045612,
              0.0041971973638038175,
              0.00301385912785992,
              0,
              -0.004442837215220524,
              0.9962204426114559,
              0.08674728175389233,
              0,
              -0.0026383726105987785,
              -0.08675951376361792,
              0.9962257905378099,
              0,
              0.000016450881958007812,
              -2.65625,
              2.2972471924731508e-8,
              1
            ]
          }
        }
      },
      "children": [
        21,
        22
      ]
    },
    {
      "rotation": [
        0.043417786837008074,
        -0.0014143964335333766,
        0.002162054682051917,
        0.9990536607085765
      ],
      "translation": [
        0.000016450881958007812,
        -2.65625,
        2.2972471924731508e-8
      ],
      "name": "Rfoot2",
      "extras": {
        "transformData": {
          "inheritType": 1,
          "eulerOrder": "ZYX",
          "translation": [
            0.000016450881958007812,
            -2.65625,
            2.2972471924731508e-8
          ],
          "rotation": [
            0,
            0.0000590335570952862,
            0
          ],
          "parentMatrixWorld": {
            "elements": [
              0.9889512829639749,
              0.09243619340119404,
              0.1158918037531899,
              0,
              -0.10258513508564505,
              0.9910948943325065,
              0.08489523291168397,
              0,
              -0.10701238286820262,
              -0.09584602579745372,
              0.9896271466310526,
              0,
              -2.0418732166290283,
              -2.6681900024414062,
              0,
              1
            ]
          }
        }
      },
      "children": [
        19,
        23
      ]
    },
    {
      "rotation": [
        0.04535758481339126,
        -0.05593850359430222,
        0.048941213038120955,
        0.9962019552668955
      ],
      "translation": [
        -2.0418732166290283,
        -2.6681900024414062,
        0
      ],
      "name": "Rfoot1",
      "extras": {
        "transformData": {
          "inheritType": 1,
          "eulerOrder": "ZYX",
          "translation": [
            -2.0418732166290283,
            -2.6681900024414062,
            0
          ],
          "parentMatrixWorld": {
            "elements": [
              1,
              0,
              0,
              0,
              0,
              1,
              0,
              0,
              0,
              0,
              1,
              0,
              0,
              0,
              0,
              1
            ]
          }
        }
      },
      "children": [
        17,
        24
      ]
    },
    {
      "name": "tail1"
    },
    {
      "name": "tail1",
      "children": [
        26
      ]
    },
    {
      "name": "tail2"
    },
    {
      "name": "tail2",
      "children": [
        28
      ]
    },
    {
      "translation": [
        0,
        0.49645328521728516,
        0
      ],
      "name": "tail2_end",
      "extras": {
        "transformData": {
          "inheritType": 1,
          "eulerOrder": "ZYX",
          "translation": [
            0,
            0.49645328521728516,
            0
          ],
          "parentMatrixWorld": {
            "elements": [
              1,
              0,
              0,
              0,
              0,
              1,
              0,
              0,
              0,
              0,
              1,
              0,
              0,
              0,
              0,
              1
            ]
          }
        }
      }
    },
    {
      "name": "tail2",
      "extras": {
        "transformData": {
          "inheritType": 1,
          "eulerOrder": "ZYX",
          "parentMatrixWorld": {
            "elements": [
              0.0000017201017428192245,
              0,
              -0.9999999657707477,
              0,
              0,
              1,
              0,
              0,
              0.9999999657707477,
              0,
              0.0000017201017428192245,
              0,
              -0.00910494476556778,
              -0.4963693618774414,
              0,
              1
            ]
          }
        }
      },
      "children": [
        29,
        30
      ]
    },
    {
      "rotation": [
        0,
        0.7071061730384827,
        0,
        0.7071073651313782
      ],
      "translation": [
        -0.00910494476556778,
        -0.4963693618774414,
        0
      ],
      "name": "tail1",
      "extras": {
        "transformData": {
          "inheritType": 1,
          "eulerOrder": "ZYX",
          "translation": [
            -0.00910494476556778,
            -0.4963693618774414,
            0
          ],
          "rotation": [
            0,
            89.9998795610731,
            0
          ],
          "parentMatrixWorld": {
            "elements": [
              1,
              0,
              0,
              0,
              0,
              1,
              0,
              0,
              0,
              0,
              1,
              0,
              0,
              0,
              0,
              1
            ]
          }
        }
      },
      "children": [
        27,
        31
      ]
    },
    {
      "name": "waist",
      "extras": {
        "transformData": {
          "inheritType": 1,
          "eulerOrder": "ZYX",
          "parentMatrixWorld": {
            "elements": [
              1,
              0,
              0,
              0,
              0,
              1,
              0,
              0,
              0,
              0,
              1,
              0,
              3.637978807091713e-12,
              9.511940002441406,
              0,
              1
            ]
          }
        }
      },
      "children": [
        5,
        15,
        25,
        32
      ]
    },
    {
      "name": "chest"
    },
    {
      "name": "chest",
      "children": [
        34
      ]
    },
    {
      "name": "Rarm1"
    },
    {
      "name": "Rarm1",
      "children": [
        36
      ]
    },
    {
      "name": "Rarm2"
    },
    {
      "name": "Rarm2",
      "children": [
        38
      ]
    },
    {
      "name": "Rhand"
    },
    {
      "name": "Rhand",
      "children": [
        40
      ]
    },
    {
      "translation": [
        0,
        0.49645233154296875,
        0
      ],
      "name": "Rhand_end",
      "extras": {
        "transformData": {
          "inheritType": 1,
          "eulerOrder": "ZYX",
          "translation": [
            0,
            0.49645233154296875,
            0
          ],
          "parentMatrixWorld": {
            "elements": [
              0.3522908899662155,
              0.7821212468204032,
              -0.5139819988084826,
              0,
              -0.9207783575848473,
              0.387948865738619,
              -0.04077726010837322,
              0,
              0.16750598485088064,
              0.48762898322235204,
              0.8568312098585886,
              0,
              -4.882586479187012,
              -0.0000362396240234375,
              0,
              1
            ]
          }
        }
      }
    },
    {
      "rotation": [
        -0.16394419114858277,
        0.2114395830003045,
        0.5283444499164817,
        0.8057715281939213
      ],
      "translation": [
        -4.882586479187012,
        -0.0000362396240234375,
        0
      ],
      "scale": [
        1,
        0.9999999403953552,
        1
      ],
      "name": "Rhand",
      "extras": {
        "transformData": {
          "inheritType": 1,
          "eulerOrder": "ZYX",
          "translation": [
            -4.882586479187012,
            -0.0000362396240234375,
            0
          ],
          "scale": [
            1,
            0.9999999403953552,
            1
          ],
          "parentMatrixWorld": {
            "elements": [
              0.9865410576868237,
              -0.0009703681208891135,
              -0.16351085651519728,
              0,
              -0.004575849702207596,
              0.9994269168837987,
              -0.033539520286328395,
              0,
              0.16344969688600305,
              0.033836314918208654,
              0.9859712474045087,
              0,
              -4.8825883865356445,
              -0.000034332275390625,
              0,
              1
            ]
          }
        }
      },
      "children": [
        41,
        42
      ]
    },
    {
      "rotation": [
        -0.016903353206658315,
        0.08202836672832503,
        0.0009045487668407155,
        0.9964862353168685
      ],
      "translation": [
        -4.8825883865356445,
        -0.000034332275390625,
        0
      ],
      "name": "Rarm2",
      "extras": {
        "transformData": {
          "inheritType": 1,
          "eulerOrder": "ZYX",
          "translation": [
            -4.8825883865356445,
            -0.000034332275390625,
            0
          ],
          "parentMatrixWorld": {
            "elements": [
              0.35092097493308694,
              0.9346642080087763,
              -0.057072451368262805,
              0,
              -0.7596077657885284,
              0.3197774904710041,
              0.5663375808817067,
              0,
              0.54758599307084,
              -0.15538706076032016,
              0.8221948888578143,
              0,
              -3.3826088905334473,
              5.125946044921875,
              0,
              1
            ]
          }
        }
      },
      "children": [
        39,
        43
      ]
    },
    {
      "rotation": [
        0.228554466453865,
        0.1914821439066367,
        0.536539002401852,
        0.7894449478457943
      ],
      "translation": [
        -3.3826088905334473,
        5.125946044921875,
        0
      ],
      "scale": [
        1,
        0.9999999403953552,
        1
      ],
      "name": "Rarm1",
      "extras": {
        "transformData": {
          "inheritType": 1,
          "eulerOrder": "ZYX",
          "translation": [
            -3.3826088905334473,
            5.125946044921875,
            0
          ],
          "scale": [
            1,
            0.9999999403953552,
            1
          ],
          "parentMatrixWorld": {
            "elements": [
              0.9994147305990511,
              0.029488282438327296,
              -0.017338899327920904,
              0,
              -0.028713540710031474,
              0.9986472050280651,
              0.043350806208082786,
              0,
              0.018593784202246284,
              -0.04282757310232301,
              0.9989094403970071,
              0,
              -0.009124082513153553,
              4.442409515380859,
              -0.10410500317811966,
              1
            ]
          }
        }
      },
      "children": [
        37,
        44
      ]
    },
    {
      "name": "head"
    },
    {
      "name": "head",
      "children": [
        46
      ]
    },
    {
      "name": "feel"
    },
    {
      "name": "feel",
      "children": [
        48
      ]
    },
    {
      "translation": [
        0,
        0.49645233154296875,
        0
      ],
      "name": "feel_end",
      "extras": {
        "transformData": {
          "inheritType": 1,
          "eulerOrder": "ZYX",
          "translation": [
            0,
            0.49645233154296875,
            0
          ],
          "parentMatrixWorld": {
            "elements": [
              1,
              0,
              0,
              0,
              0,
              1,
              0,
              0,
              0,
              0,
              1,
              0,
              0.009081970900297165,
              7.190711975097656,
              0.10410500317811966,
              1
            ]
          }
        }
      }
    },
    {
      "translation": [
        0.009081970900297165,
        7.190711975097656,
        0.10410500317811966
      ],
      "name": "feel",
      "extras": {
        "transformData": {
          "inheritType": 1,
          "eulerOrder": "ZYX",
          "translation": [
            0.009081970900297165,
            7.190711975097656,
            0.10410500317811966
          ],
          "parentMatrixWorld": {
            "elements": [
              0.999364977217332,
              0.03498305336282777,
              -0.006769659431247279,
              0,
              -0.035218906548660237,
              0.9986340418481309,
              -0.03859481667654654,
              0,
              0.005410248150913527,
              0.03880873040471998,
              0.9992320109260509,
              0,
              -0.000026129186153411865,
              7.218009948730469,
              0,
              1
            ]
          }
        }
      },
      "children": [
        49,
        50
      ]
    },
    {
      "name": "mouth"
    },
    {
      "name": "mouth",
      "children": [
        52
      ]
    },
    {
      "translation": [
        0,
        0.49645233154296875,
        0
      ],
      "name": "mouth_end",
      "extras": {
        "transformData": {
          "inheritType": 1,
          "eulerOrder": "ZYX",
          "translation": [
            0,
            0.49645233154296875,
            0
          ],
          "parentMatrixWorld": {
            "elements": [
              0.005411947057188156,
              0.03880930331441757,
              0.9992319116262481,
              0,
              -0.03521941047823669,
              0.9986338850717259,
              -0.03859532435125765,
              0,
              -0.9993648823456956,
              -0.034983489868038294,
              0.006771395732594596,
              0,
              -0.000015651807188987732,
              4.323951721191406,
              0.10410500317811966,
              1
            ]
          }
        }
      }
    },
    {
      "rotation": [
        -0.0012735385891603703,
        -0.7047075138178684,
        0.026102610573581174,
        0.7090164621169841
      ],
      "translation": [
        -0.000015651807188987732,
        4.323951721191406,
        0.10410500317811966
      ],
      "scale": [
        0.9999999403953551,
        0.9999998211860657,
        0.9999999403953551
      ],
      "name": "mouth",
      "extras": {
        "transformData": {
          "inheritType": 1,
          "eulerOrder": "ZYX",
          "translation": [
            -0.000015651807188987732,
            4.323951721191406,
            0.10410500317811966
          ],
          "rotation": [
            0,
            -89.99990688182979,
            0
          ],
          "scale": [
            0.9999999403953552,
            0.9999998211860657,
            0.9999999403953552
          ],
          "parentMatrixWorld": {
            "elements": [
              0.999364977217332,
              0.03498305336282777,
              -0.006769659431247279,
              0,
              -0.035218906548660237,
              0.9986340418481309,
              -0.03859481667654654,
              0,
              0.005410248150913527,
              0.03880873040471998,
              0.9992320109260509,
              0,
              -0.000026129186153411865,
              7.218009948730469,
              0,
              1
            ]
          }
        }
      },
      "children": [
        53,
        54
      ]
    },
    {
      "rotation": [
        -0.019357588433992674,
        0.003046031351571162,
        0.017556568125327198,
        0.9996538262712179
      ],
      "translation": [
        -0.000026129186153411865,
        7.218009948730469,
        0
      ],
      "scale": [
        1,
        0.9999999403953552,
        1
      ],
      "name": "head",
      "extras": {
        "transformData": {
          "inheritType": 1,
          "eulerOrder": "ZYX",
          "translation": [
            -0.000026129186153411865,
            7.218009948730469,
            0
          ],
          "scale": [
            1,
            0.9999999403953552,
            1
          ],
          "parentMatrixWorld": {
            "elements": [
              0.9994147305990511,
              0.029488282438327296,
              -0.017338899327920904,
              0,
              -0.028713540710031474,
              0.9986472050280651,
              0.043350806208082786,
              0,
              0.018593784202246284,
              -0.04282757310232301,
              0.9989094403970071,
              0,
              -0.009124082513153553,
              4.442409515380859,
              -0.10410500317811966,
              1
            ]
          }
        }
      },
      "children": [
        47,
        51,
        55
      ]
    },
    {
      "name": "Larm1"
    },
    {
      "name": "Larm1",
      "children": [
        57
      ]
    },
    {
      "name": "Larm2"
    },
    {
      "name": "Larm2",
      "children": [
        59
      ]
    },
    {
      "name": "Lhand"
    },
    {
      "name": "Lhand",
      "children": [
        61
      ]
    },
    {
      "translation": [
        0,
        0.49645233154296875,
        0
      ],
      "name": "Lhand_end",
      "extras": {
        "transformData": {
          "inheritType": 1,
          "eulerOrder": "ZYX",
          "translation": [
            0,
            0.49645233154296875,
            0
          ],
          "parentMatrixWorld": {
            "elements": [
              0.15086419467631362,
              -0.9203990069517554,
              0.36070165518073516,
              0,
              0.9600813852384924,
              0.22335914120101452,
              0.16838743426209277,
              0,
              -0.2355496548172322,
              0.32089932309538294,
              0.9173548858668998,
              0,
              4.88259220123291,
              0,
              0,
              1
            ]
          }
        }
      }
    },
    {
      "rotation": [
        -0.05037398707457108,
        -0.19693912382449819,
        -0.6211142279557619,
        0.7568979926625896
      ],
      "translation": [
        4.88259220123291,
        0,
        0
      ],
      "scale": [
        1,
        0.9999999403953552,
        1
      ],
      "name": "Lhand",
      "extras": {
        "transformData": {
          "inheritType": 1,
          "eulerOrder": "ZYX",
          "translation": [
            4.88259220123291,
            0,
            0
          ],
          "scale": [
            1,
            0.9999999403953552,
            1
          ],
          "parentMatrixWorld": {
            "elements": [
              0.9896896580882837,
              0.0005430354887356679,
              0.1432273903287515,
              0,
              0.0025084494299142824,
              0.9997737219137629,
              -0.02112374593649089,
              0,
              -0.1432064520522177,
              0.021265231562102173,
              0.9894643508294416,
              0,
              4.8825907707214355,
              0,
              0,
              1
            ]
          }
        }
      },
      "children": [
        62,
        63
      ]
    },
    {
      "rotation": [
        -0.010625268762237523,
        -0.07179782899927684,
        -0.0004926528684199659,
        0.997362477296682
      ],
      "translation": [
        4.8825907707214355,
        0,
        0
      ],
      "name": "Larm2",
      "extras": {
        "transformData": {
          "inheritType": 1,
          "eulerOrder": "ZYX",
          "translation": [
            4.8825907707214355,
            0,
            0
          ],
          "parentMatrixWorld": {
            "elements": [
              0.4544169315766111,
              -0.8811583595467768,
              0.13063379897064165,
              0,
              0.7620815731127445,
              0.4604888711550069,
              0.4551719983514464,
              0,
              -0.4612340519971265,
              -0.1072842555691676,
              0.8807685484730415,
              0,
              3.38257098197937,
              5.125970840454102,
              0,
              1
            ]
          }
        }
      },
      "children": [
        60,
        64
      ]
    },
    {
      "rotation": [
        0.16819593076326594,
        -0.17699111457403136,
        -0.49139157458541816,
        0.8360135089157306
      ],
      "translation": [
        3.38257098197937,
        5.125970840454102,
        0
      ],
      "scale": [
        1,
        0.9999999403953552,
        1
      ],
      "name": "Larm1",
      "extras": {
        "transformData": {
          "inheritType": 1,
          "eulerOrder": "ZYX",
          "translation": [
            3.38257098197937,
            5.125970840454102,
            0
          ],
          "scale": [
            1,
            0.9999999403953552,
            1
          ],
          "parentMatrixWorld": {
            "elements": [
              0.9994147305990511,
              0.029488282438327296,
              -0.017338899327920904,
              0,
              -0.028713540710031474,
              0.9986472050280651,
              0.043350806208082786,
              0,
              0.018593784202246284,
              -0.04282757310232301,
              0.9989094403970071,
              0,
              -0.009124082513153553,
              4.442409515380859,
              -0.10410500317811966,
              1
            ]
          }
        }
      },
      "children": [
        58,
        65
      ]
    },
    {
      "rotation": [
        0.02155275605333823,
        0.00898657376321749,
        0.014555967589711265,
        0.9996213372565168
      ],
      "translation": [
        -0.009124082513153553,
        4.442409515380859,
        -0.10410500317811966
      ],
      "name": "chest",
      "extras": {
        "transformData": {
          "inheritType": 1,
          "eulerOrder": "ZYX",
          "translation": [
            -0.009124082513153553,
            4.442409515380859,
            -0.10410500317811966
          ],
          "parentMatrixWorld": {
            "elements": [
              1,
              0,
              0,
              0,
              0,
              1,
              0,
              0,
              0,
              0,
              1,
              0,
              3.637978807091713e-12,
              9.511940002441406,
              0,
              1
            ]
          }
        }
      },
      "children": [
        35,
        45,
        56,
        66
      ]
    },
    {
      "translation": [
        3.637978807091713e-12,
        9.511940002441406,
        0
      ],
      "name": "base",
      "extras": {
        "transformData": {
          "inheritType": 1,
          "eulerOrder": "ZYX",
          "translation": [
            3.637978807091713e-12,
            9.511940002441406,
            0
          ],
          "parentMatrixWorld": {
            "elements": [
              1,
              0,
              0,
              0,
              0,
              1,
              0,
              0,
              0,
              0,
              1,
              0,
              0,
              0,
              0,
              1
            ]
          }
        }
      },
      "children": [
        3,
        33,
        67
      ]
    },
    {
      "name": "root",
      "extras": {
        "transformData": {
          "inheritType": 1,
          "eulerOrder": "ZYX",
          "parentMatrixWorld": {
            "elements": [
              0.9940991040081425,
              -0.04095937645691794,
              0.10044551182971347,
              0,
              0.04262476138708637,
              0.9989860802082268,
              -0.014489349860544532,
              0,
              -0.09975019339914373,
              0.018685315703722734,
              0.9948370509061367,
              0,
              0.4216829949987829,
              -0.1070538901133476,
              0.13835120889549013,
              1
            ]
          }
        }
      },
      "children": [
        1,
        68
      ]
    },
    {
      "rotation": [
        -0.008306215952208092,
        -0.050124657839100376,
        -0.02092765329514673,
        0.9984891361826514
      ],
      "translation": [
        0.4216829949987829,
        -0.1070538901133476,
        0.13835120889549013
      ],
      "scale": [
        1,
        0.9999999999999999,
        0.9999999999999999
      ],
      "name": "Armature",
      "extras": {
        "transformData": {
          "inheritType": 1,
          "eulerOrder": "ZYX",
          "rotation": [
            -0.000004325710697414086,
            0,
            0
          ],
          "parentMatrixWorld": {
            "elements": [
              1,
              0,
              0,
              0,
              0,
              1,
              0,
              0,
              0,
              0,
              1,
              0,
              0.000030040740966796875,
              -24.57340179916542,
              3.4502972216743117,
              1
            ]
          }
        }
      },
      "children": [
        69
      ]
    },
    {
      "rotation": [
        -3.774894707930798e-8,
        0,
        0,
        0.9999999999999993
      ],
      "scale": [
        1,
        0.9999999999999999,
        0.9999999999999999
      ],
      "name": "vsn_mesh_0_",
      "extras": {
        "transformData": {
          "inheritType": 1,
          "eulerOrder": "ZYX",
          "rotation": [
            -0.000004325710697414086,
            0,
            0
          ],
          "parentMatrixWorld": {
            "elements": [
              1,
              0,
              0,
              0,
              0,
              1,
              0,
              0,
              0,
              0,
              1,
              0,
              0.000030040740966796875,
              -24.57340179916542,
              3.4502972216743117,
              1
            ]
          }
        }
      },
      "mesh": 0,
      "skin": 0
    },
    {
      "rotation": [
        -3.774894707930798e-8,
        0,
        0,
        0.9999999999999993
      ],
      "scale": [
        1,
        0.9999999999999999,
        0.9999999999999999
      ],
      "name": "vsn_mesh_1_",
      "extras": {
        "transformData": {
          "inheritType": 1,
          "eulerOrder": "ZYX",
          "rotation": [
            -0.000004325710697414086,
            0,
            0
          ],
          "parentMatrixWorld": {
            "elements": [
              1,
              0,
              0,
              0,
              0,
              1,
              0,
              0,
              0,
              0,
              1,
              0,
              0.000030040740966796875,
              -24.57340179916542,
              3.4502972216743117,
              1
            ]
          }
        }
      },
      "mesh": 1,
      "skin": 1
    },
    {
      "rotation": [
        -3.774894707930798e-8,
        0,
        0,
        0.9999999999999993
      ],
      "scale": [
        1,
        0.9999999999999999,
        0.9999999999999999
      ],
      "name": "vsn_mesh_2_",
      "extras": {
        "transformData": {
          "inheritType": 1,
          "eulerOrder": "ZYX",
          "rotation": [
            -0.000004325710697414086,
            0,
            0
          ],
          "parentMatrixWorld": {
            "elements": [
              1,
              0,
              0,
              0,
              0,
              1,
              0,
              0,
              0,
              0,
              1,
              0,
              0.000030040740966796875,
              -24.57340179916542,
              3.4502972216743117,
              1
            ]
          }
        }
      },
      "mesh": 2,
      "skin": 2
    },
    {
      "translation": [
        0.000030040740966796875,
        -24.57340179916542,
        3.4502972216743117
      ],
      "children": [
        70,
        71,
        72,
        73
      ]
    }
  ],
  "bufferViews": [
    {
      "buffer": 0,
      "byteOffset": 0,
      "byteLength": 20484,
      "target": 34962,
      "byteStride": 12
    },
    {
      "buffer": 0,
      "byteOffset": 20484,
      "byteLength": 13656,
      "target": 34962,
      "byteStride": 8
    },
    {
      "buffer": 0,
      "byteOffset": 34140,
      "byteLength": 27312,
      "target": 34962,
      "byteStride": 16
    },
    {
      "buffer": 0,
      "byteOffset": 61452,
      "byteLength": 20484,
      "target": 34962,
      "byteStride": 12
    },
    {
      "buffer": 0,
      "byteOffset": 81936,
      "byteLength": 13656,
      "target": 34962,
      "byteStride": 8
    },
    {
      "buffer": 0,
      "byteOffset": 95592,
      "byteLength": 792,
      "target": 34962,
      "byteStride": 12
    },
    {
      "buffer": 0,
      "byteOffset": 96384,
      "byteLength": 528,
      "target": 34962,
      "byteStride": 8
    },
    {
      "buffer": 0,
      "byteOffset": 96912,
      "byteLength": 1056,
      "target": 34962,
      "byteStride": 16
    },
    {
      "buffer": 0,
      "byteOffset": 97968,
      "byteLength": 792,
      "target": 34962,
      "byteStride": 12
    },
    {
      "buffer": 0,
      "byteOffset": 98760,
      "byteLength": 528,
      "target": 34962,
      "byteStride": 8
    },
    {
      "buffer": 0,
      "byteOffset": 99288,
      "byteLength": 792,
      "target": 34962,
      "byteStride": 12
    },
    {
      "buffer": 0,
      "byteOffset": 100080,
      "byteLength": 528,
      "target": 34962,
      "byteStride": 8
    },
    {
      "buffer": 0,
      "byteOffset": 100608,
      "byteLength": 1056,
      "target": 34962,
      "byteStride": 16
    },
    {
      "buffer": 0,
      "byteOffset": 101664,
      "byteLength": 792,
      "target": 34962,
      "byteStride": 12
    },
    {
      "buffer": 0,
      "byteOffset": 102456,
      "byteLength": 528,
      "target": 34962,
      "byteStride": 8
    },
    {
      "buffer": 0,
      "byteOffset": 102984,
      "byteLength": 1344
    },
    {
      "buffer": 0,
      "byteOffset": 104328,
      "byteLength": 1344
    },
    {
      "buffer": 0,
      "byteOffset": 105672,
      "byteLength": 1344
    },
    {
      "buffer": 0,
      "byteOffset": 107016,
      "byteLength": 144
    },
    {
      "buffer": 0,
      "byteOffset": 107160,
      "byteLength": 432
    },
    {
      "buffer": 0,
      "byteOffset": 107592,
      "byteLength": 144
    },
    {
      "buffer": 0,
      "byteOffset": 107736,
      "byteLength": 576
    },
    {
      "buffer": 0,
      "byteOffset": 108312,
      "byteLength": 4
    },
    {
      "buffer": 0,
      "byteOffset": 108316,
      "byteLength": 16
    },
    {
      "buffer": 0,
      "byteOffset": 108332,
      "byteLength": 4
    },
    {
      "buffer": 0,
      "byteOffset": 108336,
      "byteLength": 16
    },
    {
      "buffer": 0,
      "byteOffset": 108352,
      "byteLength": 144
    },
    {
      "buffer": 0,
      "byteOffset": 108496,
      "byteLength": 576
    },
    {
      "buffer": 0,
      "byteOffset": 109072,
      "byteLength": 144
    },
    {
      "buffer": 0,
      "byteOffset": 109216,
      "byteLength": 576
    },
    {
      "buffer": 0,
      "byteOffset": 109792,
      "byteLength": 144
    },
    {
      "buffer": 0,
      "byteOffset": 109936,
      "byteLength": 576
    },
    {
      "buffer": 0,
      "byteOffset": 110512,
      "byteLength": 144
    },
    {
      "buffer": 0,
      "byteOffset": 110656,
      "byteLength": 576
    },
    {
      "buffer": 0,
      "byteOffset": 111232,
      "byteLength": 144
    },
    {
      "buffer": 0,
      "byteOffset": 111376,
      "byteLength": 576
    },
    {
      "buffer": 0,
      "byteOffset": 111952,
      "byteLength": 144
    },
    {
      "buffer": 0,
      "byteOffset": 112096,
      "byteLength": 576
    },
    {
      "buffer": 0,
      "byteOffset": 112672,
      "byteLength": 144
    },
    {
      "buffer": 0,
      "byteOffset": 112816,
      "byteLength": 576
    },
    {
      "buffer": 0,
      "byteOffset": 113392,
      "byteLength": 144
    },
    {
      "buffer": 0,
      "byteOffset": 113536,
