{
  "asset": {
    "version": "2.0",
    "generator": "GLTFExporter"
  },
  "scenes": [
    {
      "name": "AuxScene",
      "nodes": [
        96
      ]
    }
  ],
  "scene": 0,
  "nodes": [
    {
      "rotation": [
        -3.774894707930798e-8,
        0,
        0,
        0.9999999999999993
      ],
      "scale": [
        1,
        0.9999999999999999,
        0.9999999999999999
      ],
      "name": "vsn_mesh_2_",
      "extras": {
        "transformData": {
          "inheritType": 1,
          "eulerOrder": "ZYX",
          "rotation": [
            -0.000004325710697414086,
            0,
            0
          ],
          "parentMatrixWorld": {
            "elements": [
              1,
              0,
              0,
              0,
              0,
              1,
              0,
              0,
              0,
              0,
              1,
              0,
              0.000034809112548828125,
              -25.06928547551955,
              3.713782648440282,
              1
            ]
          }
        }
      },
      "mesh": 0,
      "skin": 0
    },
    {
      "rotation": [
        -3.774894707930798e-8,
        0,
        0,
        0.9999999999999993
      ],
      "scale": [
        1,
        0.9999999999999999,
        0.9999999999999999
      ],
      "name": "vsn_mesh_3_",
      "extras": {
        "transformData": {
          "inheritType": 1,
          "eulerOrder": "ZYX",
          "rotation": [
            -0.000004325710697414086,
            0,
            0
          ],
          "parentMatrixWorld": {
            "elements": [
              1,
              0,
              0,
              0,
              0,
              1,
              0,
              0,
              0,
              0,
              1,
              0,
              0.000034809112548828125,
              -25.06928547551955,
              3.713782648440282,
              1
            ]
          }
        }
      },
      "mesh": 1,
      "skin": 1
    },
    {
      "rotation": [
        -3.774894707930798e-8,
        0,
        0,
        0.9999999999999993
      ],
      "scale": [
        1,
        0.9999999999999999,
        0.9999999999999999
      ],
      "name": "vsn_mesh_1_",
      "extras": {
        "transformData": {
          "inheritType": 1,
          "eulerOrder": "ZYX",
          "rotation": [
            -0.000004325710697414086,
            0,
            0
          ],
          "parentMatrixWorld": {
            "elements": [
              1,
              0,
              0,
              0,
              0,
              1,
              0,
              0,
              0,
              0,
              1,
              0,
              0.000034809112548828125,
              -25.06928547551955,
              3.713782648440282,
              1
            ]
          }
        }
      },
      "mesh": 2,
      "skin": 2
    },
    {
      "name": "root"
    },
    {
      "name": "root",
      "children": [
        3
      ]
    },
    {
      "name": "root",
      "children": [
        4
      ]
    },
    {
      "name": "base"
    },
    {
      "name": "base",
      "children": [
        6
      ]
    },
    {
      "name": "base",
      "children": [
        7
      ]
    },
    {
      "name": "chest"
    },
    {
      "name": "chest",
      "children": [
        9
      ]
    },
    {
      "name": "chest",
      "children": [
        10
      ]
    },
    {
      "name": "Rarm1"
    },
    {
      "name": "Rarm1",
      "children": [
        12
      ]
    },
    {
      "name": "Rarm1",
      "children": [
        13
      ]
    },
    {
      "name": "Rarm2"
    },
    {
      "name": "Rarm2",
      "children": [
        15
      ]
    },
    {
      "name": "Rarm2",
      "children": [
        16
      ]
    },
    {
      "name": "Rhand"
    },
    {
      "name": "Rhand",
      "children": [
        18
      ]
    },
    {
      "name": "Rhand",
      "children": [
        19
      ]
    },
    {
      "translation": [
        0,
        0.7104091644287109,
        0
      ],
      "name": "Rhand_end",
      "extras": {
        "transformData": {
          "inheritType": 1,
          "eulerOrder": "ZYX",
          "translation": [
            0,
            0.7104091644287109,
            0
          ],
          "parentMatrixWorld": {
            "elements": [
              0.35736612524500155,
              0.7782908977565957,
              -0.5162874438322793,
              0,
              -0.902685805652202,
              0.4296893574627919,
              0.022921316122157614,
              0,
              0.23968267034492038,
              0.4578540476264997,
              0.8561085720802494,
              0,
              -4.8825907707214355,
              -0.000034332275390625,
              0,
              1
            ]
          }
        }
      }
    },
    {
      "rotation": [
        -0.13376116374153624,
        0.2324944408677017,
        0.5169751177214567,
        0.812890526925949
      ],
      "translation": [
        -4.8825907707214355,
        -0.000034332275390625,
        0
      ],
      "name": "Rhand",
      "extras": {
        "transformData": {
          "inheritType": 1,
          "eulerOrder": "ZYX",
          "translation": [
            -4.8825907707214355,
            -0.000034332275390625,
            0
          ],
          "parentMatrixWorld": {
            "elements": [
              0.940991550160834,
              -3.8826644284215677e-7,
              -0.3384300556990147,
              0,
              0.000010785201913857298,
              0.9999999995259503,
              0.000028840575082727314,
              0,
              0.3384300555273842,
              -0.00003078877393782457,
              0.9409915497189448,
              0,
              -4.882589817047119,
              -0.0000362396240234375,
              0,
              1
            ]
          }
        }
      },
      "children": [
        20,
        21
      ]
    },
    {
      "rotation": [
        0.000015132241097969643,
        0.1717679391258533,
        -0.0000028355100273832564,
        0.9851374398956776
      ],
      "translation": [
        -4.882589817047119,
        -0.0000362396240234375,
        0
      ],
      "name": "Rarm2",
      "extras": {
        "transformData": {
          "inheritType": 1,
          "eulerOrder": "ZYX",
          "translation": [
            -4.882589817047119,
            -0.0000362396240234375,
            0
          ],
          "parentMatrixWorld": {
            "elements": [
              0.19082148766761842,
              0.9687954722886807,
              0.15818507043761532,
              0,
              -0.818928044639077,
              0.06826179547247768,
              0.5698220883558036,
              0,
              0.5412430520016114,
              -0.2382764939046728,
              0.8063995763917939,
              0,
              -2.88260817527771,
              5.125898361206055,
              0,
              1
            ]
          }
        }
      },
      "children": [
        17,
        22
      ]
    },
    {
      "rotation": [
        0.2811405857410784,
        0.1332673360327516,
        0.6219558451473259,
        0.7185894026384985
      ],
      "translation": [
        -2.88260817527771,
        5.125898361206055,
        0
      ],
      "name": "Rarm1",
      "extras": {
        "transformData": {
          "inheritType": 1,
          "eulerOrder": "ZYX",
          "translation": [
            -2.88260817527771,
            5.125898361206055,
            0
          ],
          "parentMatrixWorld": {
            "elements": [
              0.9993937852617172,
              0.031978047781998135,
              -0.013764679810823733,
              0,
              -0.031293225894706796,
              0.9983865418741273,
              0.04738192627827228,
              0,
              0.01525765261582222,
              -0.04692246141017136,
              0.998782001535651,
              0,
              -0.009127818048000336,
              5.474569320678711,
              -0.10410500317811966,
              1
            ]
          }
        }
      },
      "children": [
        14,
        23
      ]
    },
    {
      "name": "head"
    },
    {
      "name": "head",
      "children": [
        25
      ]
    },
    {
      "name": "head",
      "children": [
        26
      ]
    },
    {
      "name": "mouth"
    },
    {
      "name": "mouth",
      "children": [
        28
      ]
    },
    {
      "name": "mouth",
      "children": [
        29
      ]
    },
    {
      "translation": [
        0,
        0.7104091644287109,
        0
      ],
      "name": "mouth_end",
      "extras": {
        "transformData": {
          "inheritType": 1,
          "eulerOrder": "ZYX",
          "translation": [
            0,
            0.7104091644287109,
            0
          ],
          "parentMatrixWorld": {
            "elements": [
              0.001964895430917823,
              0.04710903003195485,
              0.9988878051392975,
              0,
              -0.036770343696955775,
              0.9982175834902328,
              -0.04700509089756505,
              0,
              -0.9993217948337687,
              -0.03663709131327548,
              0.0036936086694379085,
              0,
              -0.000015651807188987732,
              4.323820114135742,
              0.10410500317811966,
              1
            ]
          }
        }
      }
    },
    {
      "rotation": [
        -0.0036620954670525062,
        -0.7057901846314323,
        0.029627142327092886,
        0.707791650933961
      ],
      "translation": [
        -0.000015651807188987732,
        4.323820114135742,
        0.10410500317811966
      ],
      "scale": [
        0.9999999999999999,
        0.9999999403953552,
        0.9999999999999999
      ],
      "name": "mouth",
      "extras": {
        "transformData": {
          "inheritType": 1,
          "eulerOrder": "ZYX",
          "translation": [
            -0.000015651807188987732,
            4.323820114135742,
            0.10410500317811966
          ],
          "rotation": [
            0,
            -89.99990688182979,
            0
          ],
          "scale": [
            1,
            0.9999999403953552,
            1
          ],
          "parentMatrixWorld": {
            "elements": [
              0.9993218252282445,
              0.03663687227276694,
              -0.00369177634193841,
              0,
              -0.03677004093481131,
              0.9982176679304144,
              -0.04700480317177252,
              0,
              0.0019630874005596563,
              0.04710867246732533,
              0.9988878411844966,
              0,
              -0.000026129186153411865,
              7.218019485473633,
              0,
              1
            ]
          }
        }
      },
      "children": [
        30,
        31
      ]
    },
    {
      "name": "feel"
    },
    {
      "name": "feel",
      "children": [
        33
      ]
    },
    {
      "name": "feel",
      "children": [
        34
      ]
    },
    {
      "translation": [
        0,
        0.7104091644287109,
        0
      ],
      "name": "feel_end",
      "extras": {
        "transformData": {
          "inheritType": 1,
          "eulerOrder": "ZYX",
          "translation": [
            0,
            0.7104091644287109,
            0
          ],
          "parentMatrixWorld": {
            "elements": [
              1,
              0,
              0,
              0,
              0,
              1,
              0,
              0,
              0,
              0,
              1,
              0,
              0.00907796248793602,
              8.297710418701172,
              0.10410500317811966,
              1
            ]
          }
        }
      }
    },
    {
      "translation": [
        0.00907796248793602,
        8.297710418701172,
        0.10410500317811966
      ],
      "name": "feel",
      "extras": {
        "transformData": {
          "inheritType": 1,
          "eulerOrder": "ZYX",
          "translation": [
            0.00907796248793602,
            8.297710418701172,
            0.10410500317811966
          ],
          "parentMatrixWorld": {
            "elements": [
              0.9993218252282445,
              0.03663687227276694,
              -0.00369177634193841,
              0,
              -0.03677004093481131,
              0.9982176679304144,
              -0.04700480317177252,
              0,
              0.0019630874005596563,
              0.04710867246732533,
              0.9988878411844966,
              0,
              -0.000026129186153411865,
              7.218019485473633,
              0,
              1
            ]
          }
        }
      },
      "children": [
        35,
        36
      ]
    },
    {
      "rotation": [
        -0.0235388833280886,
        0.001414347700655978,
        0.01835992936967336,
        0.9995533170300567
      ],
      "translation": [
        -0.000026129186153411865,
        7.218019485473633,
        0
      ],
      "name": "head",
      "extras": {
        "transformData": {
          "inheritType": 1,
          "eulerOrder": "ZYX",
          "translation": [
            -0.000026129186153411865,
            7.218019485473633,
            0
          ],
          "parentMatrixWorld": {
            "elements": [
              0.9993937852617172,
              0.031978047781998135,
              -0.013764679810823733,
              0,
              -0.031293225894706796,
              0.9983865418741273,
              0.04738192627827228,
              0,
              0.01525765261582222,
              -0.04692246141017136,
              0.998782001535651,
              0,
              -0.009127818048000336,
              5.474569320678711,
              -0.10410500317811966,
              1
            ]
          }
        }
      },
      "children": [
        27,
        32,
        37
      ]
    },
    {
      "name": "Larm1"
    },
    {
      "name": "Larm1",
      "children": [
        39
      ]
    },
    {
      "name": "Larm1",
      "children": [
        40
      ]
    },
    {
      "name": "Larm2"
    },
    {
      "name": "Larm2",
      "children": [
        42
      ]
    },
    {
      "name": "Larm2",
      "children": [
        43
      ]
    },
    {
      "name": "Lhand"
    },
    {
      "name": "Lhand",
      "children": [
        45
      ]
    },
    {
      "name": "Lhand",
      "children": [
        46
      ]
    },
    {
      "translation": [
        0,
        0.7104091644287109,
        0
      ],
      "name": "Lhand_end",
      "extras": {
        "transformData": {
          "inheritType": 1,
          "eulerOrder": "ZYX",
          "translation": [
            0,
            0.7104091644287109,
            0
          ],
          "parentMatrixWorld": {
            "elements": [
              0.16496062873578454,
              -0.9357871758851463,
              0.3115933008971572,
              0,
              0.9507957176568357,
              0.2348796302384304,
              0.20203735444327128,
              0,
              -0.2622508856048096,
              0.2629333580090504,
              0.9284883009764169,
              0,
              4.882586479187012,
              0,
              0,
              1
            ]
          }
        }
      }
    },
    {
      "rotation": [
        -0.01995430731031059,
        -0.18803636651338812,
        -0.6181925351381643,
        0.7629430906668648
      ],
      "translation": [
        4.882586479187012,
        0,
        0
      ],
      "name": "Lhand",
      "extras": {
        "transformData": {
          "inheritType": 1,
          "eulerOrder": "ZYX",
          "translation": [
            4.882586479187012,
            0,
            0
          ],
          "parentMatrixWorld": {
            "elements": [
              0.9588534207474806,
              2.5361769824885916e-8,
              0.28390159472585236,
              0,
              0.0005325451095010577,
              0.9999982405084896,
              -0.001798714970266763,
              0,
              -0.2839010952490129,
              0.0018758944099474353,
              0.9588517336395227,
              0,
              4.882588863372803,
              0,
              0,
              1
            ]
          }
        }
      },
      "children": [
        47,
        48
      ]
    },
    {
      "rotation": [
        -0.0009282509720279174,
        -0.1434338576848981,
        -0.00013452095782402973,
        0.9896594485073384
      ],
      "translation": [
        4.882588863372803,
        0,
        0
      ],
      "name": "Larm2",
      "extras": {
        "transformData": {
          "inheritType": 1,
          "eulerOrder": "ZYX",
          "translation": [
            4.882588863372803,
            0,
            0
          ],
          "parentMatrixWorld": {
            "elements": [
              0.27496668252526124,
              -0.9604941266270782,
              -0.04294546430926377,
              0,
              0.8411946736930568,
              0.2187027036372936,
              0.4945306883297913,
              0,
              -0.4656015476137119,
              -0.172104948982857,
              0.8680985413626428,
              0,
              2.8825719356536865,
              5.125919342041016,
              0,
              1
            ]
          }
        }
      },
      "children": [
        44,
        49
      ]
    },
    {
      "rotation": [
        0.21689020121096114,
        -0.13751134475870486,
        -0.5861802528233291,
        0.7684022071889687
      ],
      "translation": [
        2.8825719356536865,
        5.125919342041016,
        0
      ],
      "name": "Larm1",
      "extras": {
        "transformData": {
          "inheritType": 1,
          "eulerOrder": "ZYX",
          "translation": [
            2.8825719356536865,
            5.125919342041016,
            0
          ],
          "parentMatrixWorld": {
            "elements": [
              0.9993937852617172,
              0.031978047781998135,
              -0.013764679810823733,
              0,
              -0.031293225894706796,
              0.9983865418741273,
              0.04738192627827228,
              0,
              0.01525765261582222,
              -0.04692246141017136,
              0.998782001535651,
              0,
              -0.009127818048000336,
              5.474569320678711,
              -0.10410500317811966,
              1
            ]
          }
        }
      },
      "children": [
        41,
        50
      ]
    },
    {
      "rotation": [
        0.023586234608023216,
        0.00725870299639086,
        0.015824620057101342,
        0.9995701863361921
      ],
      "translation": [
        -0.009127818048000336,
        5.474569320678711,
        -0.10410500317811966
      ],
      "name": "chest",
      "extras": {
        "transformData": {
          "inheritType": 1,
          "eulerOrder": "ZYX",
          "translation": [
            -0.009127818048000336,
            5.474569320678711,
            -0.10410500317811966
          ],
          "parentMatrixWorld": {
            "elements": [
              1,
              0,
              0,
              0,
              0,
              1,
              0,
              0,
              0,
              0,
              1,
              0,
              3.637978807091713e-12,
              9.707799911499023,
              0,
              1
            ]
          }
        }
      },
      "children": [
        11,
        24,
        38,
        51
      ]
    },
    {
      "name": "waist"
    },
    {
      "name": "waist",
      "children": [
        53
      ]
    },
    {
      "name": "waist",
      "children": [
        54
      ]
    },
    {
      "name": "tail1"
    },
    {
      "name": "tail1",
      "children": [
        56
      ]
    },
    {
      "name": "tail1",
      "children": [
        57
      ]
    },
    {
      "name": "tail2"
    },
    {
      "name": "tail2",
      "children": [
        59
      ]
    },
    {
      "name": "tail2",
      "children": [
        60
      ]
    },
    {
      "translation": [
        0,
        0.7104082107543945,
        0
      ],
      "name": "tail2_end",
      "extras": {
        "transformData": {
          "inheritType": 1,
          "eulerOrder": "ZYX",
          "translation": [
            0,
            0.7104082107543945,
            0
          ],
          "parentMatrixWorld": {
            "elements": [
              1,
              0,
              0,
              0,
              0,
              1,
              0,
              0,
              0,
              0,
              1,
              0,
              0,
              0,
              0,
              1
            ]
          }
        }
      }
    },
    {
      "name": "tail2",
      "extras": {
        "transformData": {
          "inheritType": 1,
          "eulerOrder": "ZYX",
          "parentMatrixWorld": {
            "elements": [
              0.0000017201017428192245,
              0,
              -0.9999999657707477,
              0,
              0,
              1,
              0,
              0,
              0.9999999657707477,
              0,
              0.0000017201017428192245,
              0,
              -0.009112371131777763,
              0.7103500366210938,
              0,
              1
            ]
          }
        }
      },
      "children": [
        61,
        62
      ]
    },
    {
      "rotation": [
        0,
        0.7071061730384827,
        0,
        0.7071073651313782
      ],
      "translation": [
        -0.009112371131777763,
        0.7103500366210938,
        0
      ],
      "name": "tail1",
      "extras": {
        "transformData": {
          "inheritType": 1,
          "eulerOrder": "ZYX",
          "translation": [
            -0.009112371131777763,
            0.7103500366210938,
            0
          ],
          "rotation": [
            0,
            89.9998795610731,
            0
          ],
          "parentMatrixWorld": {
            "elements": [
              1,
              0,
              0,
              0,
              0,
              1,
              0,
              0,
              0,
              0,
              1,
              0,
              0.000005429978045867756,
              -1.5,
              0,
              1
            ]
          }
        }
      },
      "children": [
        58,
        63
      ]
    },
    {
      "name": "Rfoot1"
    },
    {
      "name": "Rfoot1",
      "children": [
        65
      ]
    },
    {
      "name": "Rfoot1",
      "children": [
        66
      ]
    },
    {
      "name": "Rfoot2"
    },
    {
      "name": "Rfoot2",
      "children": [
        68
      ]
    },
    {
      "name": "Rfoot2",
      "children": [
        69
      ]
    },
    {
      "name": "Rfoot3"
    },
    {
      "name": "Rfoot3",
      "children": [
        71
      ]
    },
    {
      "name": "Rfoot3",
      "children": [
        72
      ]
    },
    {
      "translation": [
        0,
        0.7104084491729736,
        0
      ],
      "name": "Rfoot3_end",
      "extras": {
        "transformData": {
          "inheritType": 1,
          "eulerOrder": "ZYX",
          "translation": [
            0,
            0.7104084491729736,
            0
          ],
          "parentMatrixWorld": {
            "elements": [
              0.9788276097328524,
              -0.02543934145533041,
              0.2030993607350593,
              0,
              0.06219053114121661,
              0.9823006388015202,
              -0.17668557622652356,
              0,
              -0.1950098670863708,
              0.18557557737063465,
              0.9630850724741359,
              0,
              0.000015974048437783495,
              -2.59375,
              -0.000002672401706149685,
              1
            ]
          }
        }
      }
    },
    {
      "rotation": [
        -0.09143563098868564,
        -0.10048377554925453,
        -0.02211800137762898,
        0.9904813628999424
      ],
      "translation": [
        0.000015974048437783495,
        -2.59375,
        -0.000002672401706149685
      ],
      "name": "Rfoot3",
      "extras": {
        "transformData": {
          "inheritType": 1,
          "eulerOrder": "ZYX",
          "translation": [
            0.000015974048437783495,
            -2.59375,
            -0.000002672401706149685
          ],
          "parentMatrixWorld": {
            "elements": [
              0.999985442663318,
              0.0038360128647998387,
              0.0037946629348041654,
              0,
              -0.004139209474295975,
              0.996506144538692,
              0.08341684992312683,
              0,
              -0.0034614168219942627,
              -0.08343134250070926,
              0.9965075161240121,
              0,
              0.000017404556274414062,
              -2.812500476837158,
              -5.773927114205435e-9,
              1
            ]
          }
        }
      },
      "children": [
        73,
        74
      ]
    },
    {
      "rotation": [
        0.04174859878071925,
        -0.0018156094955943886,
        0.001995552680463887,
        0.9991245053528093
      ],
      "translation": [
        0.000017404556274414062,
        -2.812500476837158,
        -5.773927114205435e-9
      ],
      "name": "Rfoot2",
      "extras": {
        "transformData": {
          "inheritType": 1,
          "eulerOrder": "ZYX",
          "translation": [
            0.000017404556274414062,
            -2.812500476837158,
            -5.773927114205435e-9
          ],
          "rotation": [
            0,
            0.0000590335570952862,
            0
          ],
          "parentMatrixWorld": {
            "elements": [
              0.987852368405768,
              0.10222757770644471,
              0.11703512219793064,
              0,
              -0.11528121457819636,
              0.9871329622256877,
              0.11080954671956517,
              0,
              -0.10420143490848671,
              -0.12295542458587363,
              0.9869265543626979,
              0,
              -2.0418801307678223,
              -1.5827994346618652,
              0,
              1
            ]
          }
        }
      },
      "children": [
        70,
        75
      ]
    },
    {
      "rotation": [
        0.05872148630906378,
        -0.055574363372920946,
        0.05463795322676894,
        0.9952275819241172
      ],
      "translation": [
        -2.0418801307678223,
        -1.5827994346618652,
        0
      ],
      "name": "Rfoot1",
      "extras": {
        "transformData": {
          "inheritType": 1,
          "eulerOrder": "ZYX",
          "translation": [
            -2.0418801307678223,
            -1.5827994346618652,
            0
          ],
          "parentMatrixWorld": {
            "elements": [
              1,
              0,
              0,
              0,
              0,
              1,
              0,
              0,
              0,
              0,
              1,
              0,
              0.000005429978045867756,
              -1.5,
              0,
              1
            ]
          }
        }
      },
      "children": [
        67,
        76
      ]
    },
    {
      "name": "Lfoot1"
    },
    {
      "name": "Lfoot1",
      "children": [
        78
      ]
    },
    {
      "name": "Lfoot1",
      "children": [
        79
      ]
    },
    {
      "name": "Lfoot2"
    },
    {
      "name": "Lfoot2",
      "children": [
        81
      ]
    },
    {
      "name": "Lfoot2",
      "children": [
        82
      ]
    },
    {
      "name": "Lfoot3"
    },
    {
      "name": "Lfoot3",
      "children": [
        84
      ]
    },
    {
      "name": "Lfoot3",
      "children": [
        85
      ]
    },
    {
      "translation": [
        0,
        0.7104084491729736,
        0
      ],
      "name": "Lfoot3_end",
      "extras": {
        "transformData": {
          "inheritType": 1,
          "eulerOrder": "ZYX",
          "translation": [
            0,
            0.7104084491729736,
            0
          ],
          "parentMatrixWorld": {
            "elements": [
              0.9416751496682215,
              -0.10963259137625603,
              -0.31816443939203815,
              0,
              0.05136370311762937,
              0.9811919184192641,
              -0.1860757647481814,
              0,
              0.3325803445598779,
              0.15888082053131333,
              0.9295951823280559,
              0,
              0.000012397713362588547,
              -2.59375,
              -0.00000276581704383716,
              1
            ]
          }
        }
      }
    },
    {
      "rotation": [
        -0.08787498068406836,
        0.16577212252289786,
        -0.04101254149821193,
        0.9813845266142829
      ],
      "translation": [
        0.000012397713362588547,
        -2.59375,
        -0.00000276581704383716
      ],
      "name": "Lfoot3",
      "extras": {
        "transformData": {
          "inheritType": 1,
          "eulerOrder": "ZYX",
          "translation": [
            0.000012397713362588547,
            -2.59375,
            -0.00000276581704383716
          ],
          "parentMatrixWorld": {
            "elements": [
              0.9999350932573265,
              -0.0113883369748967,
              -0.00033919311768400203,
              0,
              0.009928136314093098,
              0.8563466760128532,
              0.5163059164988104,
              0,
              -0.005589398925973118,
              -0.5162757723187229,
              0.856404158302746,
              0,
              0.000021219253540039062,
              -2.812500476837158,
              1.2452801456674933e-8,
              1
            ]
          }
        }
      },
      "children": [
        86,
        87
      ]
    },
    {
      "rotation": [
        0.2679478769003999,
        -0.0013623924526806207,
        -0.005531478838569847,
        0.9634165614245183
      ],
      "translation": [
        0.000021219253540039062,
        -2.812500476837158,
        1.2452801456674933e-8
      ],
      "scale": [
        0.9999999999999999,
        1,
        0.9999999999999999
      ],
      "name": "Lfoot2",
      "extras": {
        "transformData": {
          "inheritType": 1,
          "eulerOrder": "ZYX",
          "translation": [
            0.000021219253540039062,
            -2.812500476837158,
            1.2452801456674933e-8
          ],
          "rotation": [
            0,
            0.000057777505671590104,
            0
          ],
          "parentMatrixWorld": {
            "elements": [
              0.9903881602370674,
              0.12248806972039364,
              -0.0642492376102073,
              0,
              -0.1361709489363,
              0.9449425371923348,
              -0.2975585191583602,
              0,
              0.02426446832527906,
              0.3034473140993352,
              0.9525392178998172,
              0,
              2.0418992042541504,
              -1.5827994346618652,
              -7.275957614183426e-12,
              1
            ]
          }
        }
      },
      "children": [
        83,
        88
      ]
    },
    {
      "rotation": [
        -0.15240276010042877,
        0.022445261501316892,
        0.06559062522650427,
        0.9858841022000698
      ],
      "translation": [
        2.0418992042541504,
        -1.5827994346618652,
        -7.275957614183426e-12
      ],
      "scale": [
        0.9999999999999999,
        1,
        0.9999999999999999
      ],
      "name": "Lfoot1",
      "extras": {
        "transformData": {
          "inheritType": 1,
          "eulerOrder": "ZYX",
          "translation": [
            2.0418992042541504,
            -1.5827994346618652,
            -7.275957614183426e-12
          ],
          "rotation": [
            0,
            -0.001160516007803945,
            0
          ],
          "parentMatrixWorld": {
            "elements": [
              1,
              0,
              0,
              0,
              0,
              1,
              0,
              0,
              0,
              0,
              1,
              0,
              0.000005429978045867756,
              -1.5,
              0,
              1
            ]
          }
        }
      },
      "children": [
        80,
        89
      ]
    },
    {
      "translation": [
        0.000005429978045867756,
        -1.5,
        0
      ],
      "name": "waist",
      "extras": {
        "transformData": {
          "inheritType": 1,
          "eulerOrder": "ZYX",
          "translation": [
            0.000005429978045867756,
            -1.5,
            0
          ],
          "parentMatrixWorld": {
            "elements": [
              1,
              0,
              0,
              0,
              0,
              1,
              0,
              0,
              0,
              0,
              1,
              0,
              3.637978807091713e-12,
              9.707799911499023,
              0,
              1
            ]
          }
        }
      },
      "children": [
        55,
        64,
        77,
        90
      ]
    },
    {
      "translation": [
        3.637978807091713e-12,
        9.707799911499023,
        0
      ],
      "name": "base",
      "extras": {
        "transformData": {
          "inheritType": 1,
          "eulerOrder": "ZYX",
          "translation": [
            3.637978807091713e-12,
            9.707799911499023,
            0
          ],
          "parentMatrixWorld": {
            "elements": [
              1,
              0,
              0,
              0,
              0,
              1,
              0,
              0,
              0,
              0,
              1,
              0,
              0,
              0,
              0,
              1
            ]
          }
        }
      },
      "children": [
        8,
        52,
        91
      ]
    },
    {
      "name": "root",
      "extras": {
        "transformData": {
          "inheritType": 1,
          "eulerOrder": "ZYX",
          "parentMatrixWorld": {
            "elements": [
              0.9941199502170622,
              -0.04267167807511198,
              0.09952212050936113,
              0,
              0.04418817802023033,
              0.9989375609642606,
              -0.013082592175345747,
              0,
              -0.0988581281619181,
              0.017403367060083306,
              0.9949493420829493,
              0,
              0.33747753437544087,
              -0.11701046372406058,
              0.11409217464345985,
              1
            ]
          }
        }
      },
      "children": [
        5,
        92
      ]
    },
    {
      "rotation": [
        -0.007632941272081101,
        -0.04966957988610616,
        -0.02174759125527751,
        0.9984997312548803
      ],
      "translation": [
        0.33747753437544087,
        -0.11701046372406058,
        0.11409217464345985
      ],
      "scale": [
        1,
        0.9999999999999999,
        0.9999999999999999
      ],
      "name": "Armature",
      "extras": {
        "transformData": {
          "inheritType": 1,
          "eulerOrder": "ZYX",
          "rotation": [
            -0.000004325710697414086,
            0,
            0
          ],
          "parentMatrixWorld": {
            "elements": [
              1,
              0,
              0,
              0,
              0,
              1,
              0,
              0,
              0,
              0,
              1,
              0,
              0.000034809112548828125,
              -25.06928547551955,
              3.713782648440282,
              1
            ]
          }
        }
      },
      "children": [
        93
      ]
    },
    {
      "rotation": [
        -3.774894707930798e-8,
        0,
        0,
        0.9999999999999993
      ],
      "scale": [
        1,
        0.9999999999999999,
        0.9999999999999999
      ],
      "name": "vsn_mesh_0_",
      "extras": {
        "transformData": {
          "inheritType": 1,
          "eulerOrder": "ZYX",
          "rotation": [
            -0.000004325710697414086,
            0,
            0
          ],
          "parentMatrixWorld": {
            "elements": [
              1,
              0,
              0,
              0,
              0,
              1,
              0,
              0,
              0,
              0,
              1,
              0,
              0.000034809112548828125,
              -25.06928547551955,
              3.713782648440282,
              1
            ]
          }
        }
      },
      "mesh": 3,
      "skin": 3
    },
    {
      "translation": [
        0.000034809112548828125,
        -25.06928547551955,
        3.713782648440282
      ],
      "children": [
        0,
        1,
        2,
        94,
        95
      ]
    }
  ],
  "bufferViews": [
    {
      "buffer": 0,
      "byteOffset": 0,
      "byteLength": 3528,
      "target": 34962,
      "byteStride": 12
    },
    {
      "buffer": 0,
      "byteOffset": 3528,
      "byteLength": 2352,
      "target": 34962,
      "byteStride": 8
    },
    {
      "buffer": 0,
      "byteOffset": 5880,
      "byteLength": 4704,
      "target": 34962,
      "byteStride": 16
    },
    {
      "buffer": 0,
      "byteOffset": 10584,
      "byteLength": 3528,
      "target": 34962,
      "byteStride": 12
    },
    {
      "buffer": 0,
      "byteOffset": 14112,
      "byteLength": 2352,
      "target": 34962,
      "byteStride": 8
    },
    {
      "buffer": 0,
      "byteOffset": 16464,
      "byteLength": 1584,
      "target": 34962,
      "byteStride": 12
    },
    {
      "buffer": 0,
      "byteOffset": 18048,
      "byteLength": 1056,
      "target": 34962,
      "byteStride": 8
    },
    {
      "buffer": 0,
      "byteOffset": 19104,
      "byteLength": 2112,
      "target": 34962,
      "byteStride": 16
    },
    {
      "buffer": 0,
      "byteOffset": 21216,
      "byteLength": 1584,
      "target": 34962,
      "byteStride": 12
    },
    {
      "buffer": 0,
      "byteOffset": 22800,
      "byteLength": 1056,
      "target": 34962,
      "byteStride": 8
    },
    {
      "buffer": 0,
      "byteOffset": 23856,
      "byteLength": 1584,
      "target": 34962,
      "byteStride": 12
    },
    {
      "buffer": 0,
      "byteOffset": 25440,
      "byteLength": 1056,
      "target": 34962,
      "byteStride": 8
    },
    {
      "buffer": 0,
      "byteOffset": 26496,
      "byteLength": 2112,
      "target": 34962,
      "byteStride": 16
    },
    {
      "buffer": 0,
      "byteOffset": 28608,
      "byteLength": 1584,
      "target": 34962,
      "byteStride": 12
    },
    {
      "buffer": 0,
      "byteOffset": 30192,
      "byteLength": 1056,
      "target": 34962,
      "byteStride": 8
    },
    {
      "buffer": 0,
      "byteOffset": 31248,
      "byteLength": 16056,
      "target": 34962,
      "byteStride": 12
    },
    {
      "buffer": 0,
      "byteOffset": 47304,
      "byteLength": 10704,
      "target": 34962,
      "byteStride": 8
    },
    {
      "buffer": 0,
      "byteOffset": 58008,
